x y
-2.094356947296824867e-01 -2.454583987697922520e-02
-7.829362873848708659e-01 -7.344087706038966434e-01
-1.665848729477756862e-01 -7.957221826127582054e-02
-7.453291498058935982e-01 -6.380635846851319126e-01
2.719038313743675772e-01 3.620715439247341183e-01
-6.235957584003404275e-01 -6.195071082962334552e-01
4.139170448868905172e-01 4.388346236768991826e-01
8.507257593352179903e-02 -8.827206753849947685e-02
-2.850293211189165454e-01 -3.748066777149273721e-01
-1.940685430166966263e-02 -2.629856854384932108e-02
-3.784761955482336404e-01 -4.603069353007220865e-01
4.757591469508302140e-01 5.070845348551075160e-01
-6.901906407677231847e-01 -7.008096505915402119e-01
-3.517514139079140900e-01 -2.365428470857776633e-01
-3.379958602304666826e-01 -4.134683403066830576e-01
-2.941902374953460075e-01 -8.090040244165916383e-02
9.738154910816951837e-01 8.780468263872306389e-01
3.780572237807806601e-01 4.996845428046593485e-01
1.023849490019779207e-01 -1.196760350845188503e-02
-6.083312168820684818e-01 -4.836541358296194693e-01
-6.847032546996649760e-01 -7.148083159827628430e-01
7.753211029936826204e-01 7.949554701341622343e-01
-3.517062491812510405e-01 -3.577119825067540670e-01
1.141130678733743853e-01 1.941741554141486192e-01
-7.309897153767712652e-01 -7.184890901322159573e-01
-2.156962160719899657e-01 -1.746122288130483591e-01
-2.926686079850937539e-02 -4.936190929122803717e-02
5.637129643073275354e-01 6.722222792945516945e-01
-5.655941740029550857e-01 -6.014880298600017161e-01
9.199464146436335810e-01 8.897957953910505813e-01
-4.097506801931312115e-01 -4.499453083801890907e-01
-4.872963154061316082e-02 3.342047812900511561e-02
9.606369441280822041e-01 1.207206346541007003e+00
5.926363269257011179e-01 5.617000336982849173e-01
-9.104111057503336824e-01 -7.488343462306067400e-01
8.635880835362581553e-01 9.324464999567081414e-01
-4.477690322481064911e-02 3.199520140201797536e-02
-6.928983198500189289e-01 -7.933252437051548922e-01
9.189981207636404026e-01 9.124274982616250584e-01
8.579264159858563943e-01 1.026236450697630032e+00
6.614261147339306479e-01 6.209883370593571872e-01
1.893282922983696714e-02 1.179933079879549873e-01
-7.942942426026562419e-01 -7.203620915626882670e-01
4.952472704931361047e-01 5.461805003083283205e-01
3.950348823159433032e-01 2.479971674726180464e-01
-8.093800378499336201e-01 -5.305098673964443456e-01
3.526885675529272124e-01 5.076785305282440763e-01
8.899385297984558907e-01 7.740821401716330152e-01
-6.746336703159725445e-01 -6.812051725837023897e-01
-8.225655366922974832e-01 -9.767593706787407459e-01
-3.930001710784656321e-01 -3.157658336281392031e-01
2.456363935224528117e-01 3.923265926757312783e-01
-8.800445187159555704e-01 -6.190382967835841299e-01
6.826323374091760599e-01 7.014601119875056856e-01
5.378053382960827911e-01 4.589644025323478260e-01
-6.713677347912023752e-01 -6.088379582807220691e-01
8.973612540747701871e-01 1.009660284058988555e+00
3.780328937659673816e-01 4.814333430839853323e-01
3.450768411599058894e-01 4.667908755475249638e-01
4.700971966156022308e-01 3.695483257094545615e-01
-4.094527295905225905e-01 -5.553039203534444468e-01
5.046906293894586337e-01 6.220557036335835344e-01
-2.308185616528750650e-01 -3.058278577567042911e-01
-5.828204837832566820e-01 -6.020396356400872229e-01
8.663390387236160617e-01 9.040169501675965336e-01
-5.960010375698376883e-01 -6.559725867029201352e-01
8.594649643113148052e-01 8.887885557315111651e-01
-8.779223508264564213e-01 -9.691294058913920706e-01
-5.868331755231981361e-02 -1.163508084678341048e-01
3.772703361783611431e-01 3.615016200666740787e-01
-8.577286066726599323e-01 -1.067954702054873639e+00
-5.882162333346658833e-01 -5.586511192641030465e-01
9.142896641877618080e-03 -7.175360115946247119e-02
2.658837354651488738e-02 -1.513985360485153864e-02
3.403123211132008663e-03 9.581833507453535459e-02
-2.145341790598722653e-01 -1.578297555453667678e-01
8.570882610654930733e-01 9.572462676988242603e-01
-6.681335862713102536e-01 -6.297770398074503673e-01
1.314998929168769148e-01 2.502601646655223111e-01
3.061985407892886535e-02 -1.430941247921084514e-03
2.456405914217854036e-01 1.185514969616471015e-01
-8.810117661298408898e-01 -6.828887499904021663e-01
-8.569039735982282302e-01 -8.390682205463658727e-01
-6.737550419849935857e-01 -8.151654416713298712e-01
-4.506032739889467287e-01 -3.486302465455496380e-01
-5.843106809486675601e-01 -4.819661653537605783e-01
-9.804537223657023848e-01 -9.750706111246160157e-01
7.495745554908606056e-01 6.446002753398809570e-01
-5.526342215595150265e-01 -5.825681698757646521e-01
1.820091218657211574e-01 1.388191205256255334e-01
6.969958626407126712e-01 7.084748832848299926e-01
3.058273104995574698e-01 2.083131644686773420e-01
-7.860057221812866146e-01 -7.003251957235145930e-01
5.891658607428664762e-01 4.441666474611857263e-01
2.287097903140788979e-02 -1.273831369931168467e-01
-5.173677604180586531e-01 -4.879229953527339791e-01
1.585335173919888430e-01 2.701116430413207925e-01
5.602922575820563633e-01 3.108759229728411677e-01
-9.792267175178794858e-01 -9.448502801555533903e-01
8.452226503288904347e-01 7.565269406495438442e-01
