x_fit y_fit
-1.000000000000000000e+00 -9.737375075782687128e-01
-9.797979797979797789e-01 -9.537722573829587880e-01
-9.595959595959595578e-01 -9.338070071876489742e-01
-9.393939393939394478e-01 -9.138417569923391603e-01
-9.191919191919192267e-01 -8.938765067970292355e-01
-8.989898989898990056e-01 -8.739112566017193107e-01
-8.787878787878787845e-01 -8.539460064064094968e-01
-8.585858585858585634e-01 -8.339807562110995720e-01
-8.383838383838383423e-01 -8.140155060157896472e-01
-8.181818181818181213e-01 -7.940502558204798333e-01
-7.979797979797980112e-01 -7.740850056251700195e-01
-7.777777777777777901e-01 -7.541197554298600947e-01
-7.575757575757575690e-01 -7.341545052345501698e-01
-7.373737373737373479e-01 -7.141892550392403560e-01
-7.171717171717171269e-01 -6.942240048439304312e-01
-6.969696969696970168e-01 -6.742587546486206174e-01
-6.767676767676766847e-01 -6.542935044533106925e-01
-6.565656565656565746e-01 -6.343282542580008787e-01
-6.363636363636363535e-01 -6.143630040626909539e-01
-6.161616161616161325e-01 -5.943977538673810290e-01
-5.959595959595959114e-01 -5.744325036720712152e-01
-5.757575757575756903e-01 -5.544672534767612904e-01
-5.555555555555555802e-01 -5.345020032814514765e-01
-5.353535353535352481e-01 -5.145367530861415517e-01
-5.151515151515151381e-01 -4.945715028908317379e-01
-4.949494949494949170e-01 -4.746062526955218130e-01
-4.747474747474746959e-01 -4.546410025002119437e-01
-4.545454545454544748e-01 -4.346757523049020189e-01
-4.343434343434342537e-01 -4.147105021095921495e-01
-4.141414141414141437e-01 -3.947452519142823357e-01
-3.939393939393939226e-01 -3.747800017189724664e-01
-3.737373737373737015e-01 -3.548147515236625971e-01
-3.535353535353534804e-01 -3.348495013283526722e-01
-3.333333333333332593e-01 -3.148842511330428029e-01
-3.131313131313130382e-01 -2.949190009377328781e-01
-2.929292929292928171e-01 -2.749537507424230087e-01
-2.727272727272727071e-01 -2.549885005471131949e-01
-2.525252525252524860e-01 -2.350232503518033533e-01
-2.323232323232322649e-01 -2.150580001564934562e-01
-2.121212121212120438e-01 -1.950927499611835592e-01
-1.919191919191918227e-01 -1.751274997658736621e-01
-1.717171717171716017e-01 -1.551622495705637650e-01
-1.515151515151514916e-01 -1.351969993752540067e-01
-1.313131313131312705e-01 -1.152317491799440957e-01
-1.111111111111110494e-01 -9.526649898463419863e-02
-9.090909090909082835e-02 -7.530124878932430155e-02
-7.070707070707060726e-02 -5.533599859401440446e-02
-5.050505050505038618e-02 -3.537074839870452125e-02
-3.030303030303027612e-02 -1.540549820339473519e-02
-1.010101010101005503e-02 4.559751991915160160e-03
1.010101010101016605e-02 2.452500218722505204e-02
3.030303030303049816e-02 4.449025238253505321e-02
5.050505050505060822e-02 6.445550257784483927e-02
7.070707070707071829e-02 8.442075277315462534e-02
9.090909090909105039e-02 1.043860029684646334e-01
1.111111111111111605e-01 1.243512531637744195e-01
1.313131313131314926e-01 1.443165033590844137e-01
1.515151515151516026e-01 1.642817535543941720e-01
1.717171717171717127e-01 1.842470037497039581e-01
1.919191919191920448e-01 2.042122539450139662e-01
2.121212121212121549e-01 2.241775041403237523e-01
2.323232323232324870e-01 2.441427543356337604e-01
2.525252525252525970e-01 2.641080045309435742e-01
2.727272727272729291e-01 2.840732547262535546e-01
2.929292929292930392e-01 3.040385049215633684e-01
3.131313131313131493e-01 3.240037551168731267e-01
3.333333333333334814e-01 3.439690053121831625e-01
3.535353535353535914e-01 3.639342555074929209e-01
3.737373737373739235e-01 3.838995057028029012e-01
3.939393939393940336e-01 4.038647558981127150e-01
4.141414141414143657e-01 4.238300060934226954e-01
4.343434343434344758e-01 4.437952562887325092e-01
4.545454545454545858e-01 4.637605064840422675e-01
4.747474747474749179e-01 4.837257566793523034e-01
4.949494949494950280e-01 5.036910068746620617e-01
5.151515151515153601e-01 5.236562570699720975e-01
5.353535353535354702e-01 5.436215072652818003e-01
5.555555555555555802e-01 5.635867574605916142e-01
5.757575757575759123e-01 5.835520076559016500e-01
5.959595959595960224e-01 6.035172578512114638e-01
6.161616161616163545e-01 6.234825080465213887e-01
6.363636363636364646e-01 6.434477582418312025e-01
6.565656565656567967e-01 6.634130084371412384e-01
6.767676767676769067e-01 6.833782586324510522e-01
6.969696969696970168e-01 7.033435088277607550e-01
7.171717171717173489e-01 7.233087590230707908e-01
7.373737373737374590e-01 7.432740092183806047e-01
7.575757575757577911e-01 7.632392594136905295e-01
7.777777777777779011e-01 7.832045096090003433e-01
7.979797979797982332e-01 8.031697598043103792e-01
8.181818181818183433e-01 8.231350099996201930e-01
8.383838383838384534e-01 8.431002601949298958e-01
8.585858585858587855e-01 8.630655103902399317e-01
8.787878787878788955e-01 8.830307605855497455e-01
8.989898989898992276e-01 9.029960107808596703e-01
9.191919191919193377e-01 9.229612609761694841e-01
9.393939393939394478e-01 9.429265111714792980e-01
9.595959595959597799e-01 9.628917613667893338e-01
9.797979797979798899e-01 9.828570115620990366e-01
1.000000000000000000e+00 1.002822261757408739e+00
