x_fit y_fit
-1.000000000000000000e+00 -9.602036023016616850e-01
-9.797979797979797789e-01 -9.451651595880841139e-01
-9.595959595959595578e-01 -9.278778188997750531e-01
-9.393939393939394478e-01 -9.104685028634166288e-01
-9.191919191919192267e-01 -8.927330906257143761e-01
-8.989898989898990056e-01 -8.749764598099135648e-01
-8.787878787878787845e-01 -8.572198289941127536e-01
-8.585858585858585634e-01 -8.394631981783119423e-01
-8.383838383838383423e-01 -8.217065673625111311e-01
-8.181818181818181213e-01 -8.039499365467102088e-01
-7.979797979797980112e-01 -7.861933057309095085e-01
-7.777777777777777901e-01 -7.684366749151088083e-01
-7.575757575757575690e-01 -7.506800440993078860e-01
-7.373737373737373479e-01 -7.329234132835070747e-01
-7.171717171717171269e-01 -7.151667824677062635e-01
-6.969696969696970168e-01 -6.974133768897643471e-01
-6.767676767676766847e-01 -6.792597835504262660e-01
-6.565656565656565746e-01 -6.598554699073255758e-01
-6.363636363636363535e-01 -6.402200708844404398e-01
-6.161616161616161325e-01 -6.204150564674875135e-01
-5.959595959595959114e-01 -6.006100420505345872e-01
-5.757575757575756903e-01 -5.808050276335816609e-01
-5.555555555555555802e-01 -5.610000132166289566e-01
-5.353535353535352481e-01 -5.423990417033510703e-01
-5.151515151515151381e-01 -5.259850612741993059e-01
-4.949494949494949170e-01 -5.097067419008450839e-01
-4.747474747474746959e-01 -4.927771436989487608e-01
-4.545454545454544748e-01 -4.694923748718939915e-01
-4.343434343434342537e-01 -4.444736292416336942e-01
-4.141414141414141437e-01 -4.194548836113733414e-01
-3.939393939393939226e-01 -3.944361379811129331e-01
-3.737373737373737015e-01 -3.711245070944978464e-01
-3.535353535353534804e-01 -3.499416456746178294e-01
-3.333333333333332593e-01 -3.287587842547377015e-01
-3.131313131313130382e-01 -3.075759228348576291e-01
-2.929292929292928171e-01 -2.863930614149774456e-01
-2.727272727272727071e-01 -2.648083937566684809e-01
-2.525252525252524860e-01 -2.431093674635036728e-01
-2.323232323232322649e-01 -2.208268133744922535e-01
-2.121212121212120438e-01 -1.984229005703088133e-01
-1.919191919191918227e-01 -1.760189877661253455e-01
-1.717171717171716017e-01 -1.536150749619418776e-01
-1.515151515151514916e-01 -1.312111621577585763e-01
-1.313131313131312705e-01 -1.088072493535751500e-01
-1.111111111111110494e-01 -8.640333654939166830e-02
-9.090909090909082835e-02 -6.399942374520825594e-02
-7.070707070707060726e-02 -4.159741757550672325e-02
-5.050505050505038618e-02 -1.919815547544309609e-02
-3.030303030303027612e-02 3.872554795646826475e-03
-1.010101010101005503e-02 2.850120497928179675e-02
1.010101010101016605e-02 5.208067342094932495e-02
3.030303030303049816e-02 7.460124294736278361e-02
5.050505050505060822e-02 9.712181247377590920e-02
7.070707070707071829e-02 1.196423820001891458e-01
9.090909090909105039e-02 1.421407341152669812e-01
1.111111111111111605e-01 1.632865602887274836e-01
1.313131313131314926e-01 1.841678416685494091e-01
1.515151515151516026e-01 2.039171776772518985e-01
1.717171717171717127e-01 2.236665136859543879e-01
1.919191919191920448e-01 2.434158496946570993e-01
2.121212121212121549e-01 2.631651857033595610e-01
2.323232323232324870e-01 2.829145217120623279e-01
2.525252525252525970e-01 3.026638577207647618e-01
2.727272727272729291e-01 3.224131937294675287e-01
2.929292929292930392e-01 3.421625297381699626e-01
3.131313131313131493e-01 3.619118657468723965e-01
3.333333333333334814e-01 3.807002428200635391e-01
3.535353535353535914e-01 3.991205168764057065e-01
3.737373737373739235e-01 4.182311824955463608e-01
3.939393939393940336e-01 4.372991158720015425e-01
4.141414141414143657e-01 4.560424203089126216e-01
4.343434343434344758e-01 4.747857247458234786e-01
4.545454545454545858e-01 4.935290291827342246e-01
4.747474747474749179e-01 5.122470478031521113e-01
4.949494949494950280e-01 5.301243383661772279e-01
5.151515151515153601e-01 5.480016289292024556e-01
5.353535353535354702e-01 5.658789194922275723e-01
5.555555555555555802e-01 5.831564670427724639e-01
5.757575757575759123e-01 5.986103343849696889e-01
5.959595959595960224e-01 6.140642017271668029e-01
6.161616161616163545e-01 6.290244441586495538e-01
6.363636363636364646e-01 6.434665050381092044e-01
6.565656565656567967e-01 6.579085659175691880e-01
6.767676767676769067e-01 6.722495367463334759e-01
6.969696969696970168e-01 6.823840259378416429e-01
7.171717171717173489e-01 6.918133937914953124e-01
7.373737373737374590e-01 7.000797912576542936e-01
7.575757575757577911e-01 7.083461887238132748e-01
7.777777777777779011e-01 7.166079413357835382e-01
7.979797979797982332e-01 7.240727248880423073e-01
8.181818181818183433e-01 7.314339410684914666e-01
8.383838383838384534e-01 7.387951572489407370e-01
8.585858585858587855e-01 7.461563734293902295e-01
8.787878787878788955e-01 7.532535803769643268e-01
8.989898989898992276e-01 7.592650073386605358e-01
9.191919191919193377e-01 7.652764343003566339e-01
9.393939393939394478e-01 7.712878612620529539e-01
9.595959595959597799e-01 7.772992882237489409e-01
9.797979797979798899e-01 7.833107151854452610e-01
1.000000000000000000e+00 7.893221421471413590e-01
